[66,-37],
[68,-35],
[70,-34],
[72,-33],
[74,-33],
[73,-35],
[72,-37],
[71,-39],
[73,-38],
[76,-37],
[78,-36],
[80,-38],
[82,-40],
[83,-42],
[84,-44],
[84,-46],
[86,-48],
[88,-49],
[90,-48],
[92,-47],
[93,-49],
[95,-50],
[95,-53],
[94,-54],
[92,-54],
[90,-55],
[91,-58],
[91,-60],
[91,-63],
[91,-65],
[90,-67],
[93,-67],
[93,-65],
[94,-63],
[94,-60],
[95,-58],
[95,-55],
[98,-55],
[98,-58],
[98,-60],
[98,-63],
[97,-65],
[97,-68],
[96,-70],
[95,-73],
[94,-74],
[92,-74],
[89,-74],
[87,-73],
[85,-72],
[82,-70],
[82,-71],
[83,-74],
[85,-75],
[87,-77],
[89,-78],
[91,-80],
[90,-81],
[88,-83],
[86,-84],
[85,-86],
[83,-88],
[82,-90],
[80,-93],
[80,-95],
[79,-97],
[79,-100],
[79,-102],
[79,-105],
[76,-106],
[74,-106],
[72,-107],
[69,-107],
[67,-108],
[64,-108],
[62,-107],
[60,-106],
[57,-105],
[55,-104],
[53,-103],
[50,-104],
[48,-105],
[46,-105],
[47,-108],
[45,-109],
[43,-111],
[41,-112],
[39,-114],
[37,-115],
[35,-115],
[33,-115],
[35,-113],
[36,-111],
[36,-110],
[34,-111],
[31,-111],
[29,-110],
[27,-109],
[27,-106],
[28,-104],
[28,-102],
[29,-99],
[29,-97],
[27,-95],
[25,-93],
[25,-94],
[25,-96],
[26,-99],
[27,-101],
[27,-103],
[26,-106],
[25,-108],
[24,-110],
[21,-109],
[21,-107],
[22,-104],
[22,-103],
[20,-105],
[19,-107],
[17,-107],
[17,-105],
[16,-103],
[15,-104],
[13,-106],
[11,-106],
[10,-104],
[8,-103],
[6,-102],
[3,-103],
[2,-101],
[0,-99],
[-1,-97],
[-3,-95],
[-5,-94],
[-7,-92],
[-5,-91],
[-4,-89],
[-2,-87],
[-1,-86],
[-4,-85],
[-6,-85],
[-6,-83],
[-5,-81],
[-5,-80],
[-8,-80],
[-10,-80],
[-13,-79],
[-14,-77],
[-16,-75],
[-14,-73],
[-12,-72],
[-11,-71],
[-8,-72],
[-6,-72],
[-5,-70],
[-3,-70],
[-1,-71],
[1,-72],
[4,-72],
[6,-72],
[7,-71],
[5,-69],
[4,-67],
[2,-65],
[0,-63],
[-2,-62],
[-4,-61],
[-6,-60],
[-8,-58],
[-10,-57],
[-11,-55],
[-8,-55],
[-7,-54],
[-8,-51],
[-8,-49],
[-9,-47],
[-12,-48],
[-14,-48],
[-16,-49],
[-19,-50],
[-21,-51],
[-23,-52],
[-24,-50],
[-26,-48],
[-27,-46],
[-29,-47],
[-31,-49],
[-33,-50],
[-35,-52],
[-37,-52],
[-40,-53],
[-42,-53],
[-45,-53],
[-47,-54],
[-50,-54],
[-52,-54],
[-51,-53],
[-49,-51],
[-49,-51],
[-52,-51],
[-54,-51],
[-57,-52],
[-59,-52],
[-60,-50],
[-62,-48],
[-61,-46],
[-59,-46],
[-57,-46],
[-57,-43],
[-57,-41],
[-56,-40],
[-54,-41],
[-53,-41],
[-53,-39],
[-54,-36],
[-54,-34],
[-56,-34],
[-58,-34],
[-61,-35],
[-63,-36],
[-65,-34],
[-67,-33],
[-64,-33],
[-62,-32],
[-59,-32],
[-58,-30],
[-57,-28],
[-55,-28],
[-52,-28],
[-50,-28],
[-47,-29],
[-45,-29],
[-45,-26],
[-44,-24],
[-42,-22],
[-45,-22],
[-47,-22],
[-50,-22],
[-52,-21],
[-54,-21],
[-54,-19],
[-53,-16],
[-54,-14],
[-56,-13],
[-58,-12],
[-60,-11],
[-62,-10],
[-64,-8],
[-64,-6],
[-63,-3],
[-63,-1],
[-60,-1],
[-58,-1],
[-55,-1],
[-53,-1],
[-52,1],
[-52,4],
[-52,5],
[-49,4],
[-47,3],
[-45,2],
[-44,3],
[-44,6],
[-45,8],
[-43,9],
[-40,9],
[-38,9],
[-35,9],
[-33,9],
[-30,9],
[-28,9],
[-25,9],
[-23,9],
[-22,11],
[-21,13],
[-23,14],
[-25,14],
[-28,14],
[-30,15],
[-33,15],
[-34,17],
[-34,19],
[-35,22],
[-36,24],
[-37,26],
[-38,29],
[-39,31],
[-40,33],
[-41,35],
[-43,37],
[-45,39],
[-47,40],
[-49,42],
[-51,43],
[-53,45],
[-54,46],
[-52,45],
[-49,45],
[-47,44],
[-44,44],
[-42,44],
[-39,44],
[-37,44],
[-34,44],
[-32,44],
[-30,42],
[-28,41],
[-26,39],
[-25,37],
[-23,36],
[-22,38],
[-20,40],
[-18,41],
[-20,42],
[-22,43],
[-24,43],
[-27,44],
[-29,45],
[-31,46],
[-34,46],
[-36,47],
[-39,47],
[-41,47],
[-44,48],
[-46,48],
[-46,50],
[-47,52],
[-49,53],
[-52,54],
[-54,55],
[-56,56],
[-56,57],
[-53,59],
[-52,60],
[-53,62],
[-54,65],
[-55,65],
[-57,64],
[-59,62],
[-61,60],
[-61,62],
[-61,65],
[-62,65],
[-64,64],
[-66,63],
[-68,64],
[-70,66],
[-71,68],
[-73,70],
[-74,72],
[-76,74],
[-76,75],
[-74,74],
[-71,74],
[-69,74],
[-66,73],
[-64,73],
[-61,73],
[-59,72],
[-56,72],
[-54,71],
[-52,71],
[-54,72],
[-56,73],
[-58,75],
[-60,76],
[-63,77],
[-65,78],
[-67,79],
[-67,82],
[-68,84],
[-70,85],
[-72,86],
[-71,88],
[-70,91],
[-68,90],
[-66,89],
[-65,87],
[-64,89],
[-63,92],
[-62,93],
[-59,92],
[-57,91],
[-55,90],
[-52,89],
[-50,88],
[-48,87],
[-45,86],
[-47,87],
[-48,89],
[-50,90],
[-52,92],
[-54,94],
[-56,95],
[-58,97],
[-60,98],
[-62,99],
[-64,100],
[-67,101],
[-65,102],
[-62,102],
[-60,102],
[-58,101],
[-55,100],
[-53,99],
[-51,97],
[-48,96],
[-46,96],
[-44,96],
[-41,96],
[-40,96],
[-42,97],
[-45,98],
[-47,99],
[-49,100],
[-51,101],
[-49,102],
[-47,102],
[-45,102],
[-47,104],
[-48,107],
[-49,109],
[-47,108],
[-45,107],
[-43,106],
[-41,105],
[-38,104],
[-38,106],
[-36,107],
[-34,107],
[-31,107],
[-29,106],
[-28,104],
[-26,102],
[-24,102],
[-22,103],
[-20,104],
[-18,102],
[-16,102],
[-13,102],
[-12,100],
[-10,99],
[-8,99],
[-7,97],
[-5,95],
[-3,95],
[-1,94],
[1,93],
[0,91],
[-1,88],
[-2,86],
[0,86],
[2,87],
[4,88],
[4,90],
[6,89],
[9,88],
[11,87],
[14,87],
[16,86],
[17,84],
[17,82],
[19,82],
[22,81],
[24,80],
[26,79],
[28,78],
[26,76],
[25,75],
[27,74],
[30,73],
[32,73],
[34,72],
[37,71],
[39,71],
[42,71],
[44,71],
[46,70],
[46,67],
[47,65],
[48,66],
[49,69],
[51,68],
[52,66],
[54,64],
[56,63],
[54,65],
[53,67],
[55,68],
[57,68],
[60,68],
[62,68],
[65,69],
[67,68],
[69,67],
[71,66],
[69,64],
[68,62],
[66,60],
[68,58],
[69,56],
[70,54],
[72,52],
[73,50],
[74,48],
[75,45],
[75,43],
[75,40],
[76,38],
[77,36],
[78,33],
[79,31],
[80,29],
[81,26],
[81,24],
[79,22],
[79,20],
[78,17],
[78,15],
[78,13],
[77,10],
[76,8],
[75,5],
[74,3],
[73,1],
[75,1],
[77,1],
[79,1],
[78,-1],
[77,-4],
[78,-6],
[78,-8],
[78,-11],
[76,-13],
[75,-14],
[73,-16],
[71,-18],
[71,-21],
[71,-23],
[71,-26],
[70,-28],
[69,-30],
[68,-32],
[67,-35],
